0.000000
0.000000
0.000000
0.000000
0.000000
0.000000
-0.090196
-0.023529
-0.047059
-0.011765
0.011765
0.027451
0.027451
0.000000
0.000000
-0.003922
-0.003922
0.011765
0.000000
0.003922
-0.180392
-0.109804
-0.027451
0.011765
-0.023529
0.074510
0.101961
0.105882
0.070588
-0.003922
-0.070588
-0.066667
0.184314
0.035294
0.031373
0.000000
-0.141176
-0.058824
0.027451
0.015686
0.015686
-0.023529
-0.003922
0.058824
0.000000
0.000000
0.000000
0.000000
0.000000
0.000000
0.000000
0.000000
0.000000
0.000000
0.000000
0.000000
-0.137255
0.003922
-0.003922
0.019608
0.039216
0.011765
0.019608
0.011765
0.007843
0.011765
0.015686
0.003922
-0.003922
-0.000000
-0.007843
0.043137
0.121569
0.109804
0.035294
0.141176
0.113725
0.086275
-0.090196
-0.149020
-0.133333
0.054902
0.117647
0.027451
0.007843
-0.047059
-0.086275
-0.074510
0.003922
0.027451
0.019608
-0.019608
0.011765
0.027451
0.000000
0.000000
0.000000
0.000000
0.000000
0.000000
0.000000
0.000000
0.000000
0.000000
0.000000
0.000000
-0.066667
0.074510
0.003922
0.000000
0.011765
0.019608
0.027451
0.019608
0.003922
0.019608
0.000000
0.003922
0.003922
-0.066667
-0.274510
-0.235294
-0.258824
-0.290196
-0.003922
-0.105882
0.082353
-0.149020
0.043137
-0.031373
0.011765
0.035294
0.113725
0.145098
-0.015686
-0.043137
-0.035294
-0.003922
0.054902
0.109804
0.031373
0.007843
-0.050980
0.000000
0.000000
0.000000
0.000000
0.000000
0.000000
0.000000
0.000000
0.000000
0.000000
0.000000
0.000000
0.000000
-0.007843
0.054902
-0.019608
0.019608
0.047059
0.047059
0.031373
-0.003922
-0.003922
0.011765
-0.047059
-0.007843
-0.003922
-0.094118
0.117647
-0.039216
0.152941
0.125490
0.003922
-0.019608
0.243137
0.058824
-0.298039
0.286275
-0.125490
0.109804
0.105882
0.168627
-0.003922
-0.019608
-0.027451
0.003922
0.070588
0.090196
0.027451
-0.066667
-0.152941
0.145098
0.000000
0.000000
0.000000
0.000000
0.000000
0.000000
0.000000
0.000000
0.000000
0.000000
0.000000
0.000000
-0.007843
0.015686
0.019608
0.031373
0.035294
0.019608
-0.027451
-0.003922
-0.011765
-0.074510
-0.043137
-0.011765
-0.196078
-0.258824
0.149020
-0.203922
0.062745
-0.066667
-0.007843
0.015686
-0.019608
-0.090196
-0.105882
-0.309804
-0.125490
0.058824
0.047059
0.129412
-0.019608
-0.035294
0.000000
-0.019608
0.015686
0.039216
-0.011765
-0.043137
0.007843
0.211765
0.000000
0.000000
0.000000
0.000000
0.000000
0.000000
0.000000
0.000000
0.000000
0.000000
0.000000
0.000000
-0.019608
0.003922
0.011765
-0.007843
0.000000
0.007843
-0.031373
-0.011765
-0.027451
-0.062745
-0.011765
-0.094118
0.184314
-0.243137
-0.349020
0.298039
0.129412
0.247059
-0.003922
0.168627
-0.027451
0.066667
0.105882
0.184314
-0.360784
0.176471
0.376471
-0.149020
-0.027451
0.000000
0.035294
0.035294
0.039216
0.011765
-0.015686
-0.003922
0.054902
0.070588
0.000000
0.000000
0.000000
0.000000
0.000000
0.000000
0.000000
0.000000
0.000000
0.000000
0.000000
0.000000
-0.031373
-0.003922
0.011765
-0.007843
0.000000
0.003922
-0.011765
0.003922
-0.070588
0.011765
0.043137
-0.129412
-0.235294
-0.192157
0.635294
-0.180392
-0.050980
-0.494118
-0.125490
0.015686
0.137255
0.117647
-0.062745
-0.043137
0.043137
-0.066667
0.262745
0.050980
-0.400000
-0.262745
0.011765
0.007843
0.000000
0.011765
-0.019608
0.015686
-0.011765
0.027451
0.000000
0.000000
0.000000
0.000000
0.000000
0.000000
0.000000
0.000000
0.000000
0.000000
0.000000
0.000000
-0.039216
0.015686
0.007843
-0.007843
-0.000000
-0.007843
-0.039216
-0.035294
-0.121569
0.082353
-0.090196
-0.184314
-0.015686
-0.019608
0.352941
-0.478431
-0.164706
0.466667
-0.066667
0.035294
0.007843
-0.211765
0.133333
-0.203922
-0.380392
-0.262745
-0.101961
-0.082353
0.447059
0.368627
-0.050980
0.023529
0.003922
-0.003922
0.007843
-0.000000
-0.003922
-0.000000
0.000000
0.000000
0.000000
0.000000
0.000000
0.000000
0.000000
0.000000
0.000000
0.000000
0.000000
0.000000
-0.035294
0.015686
0.000000
-0.011765
0.011765
-0.003922
-0.078431
-0.086275
-0.011765
-0.023529
0.172549
-0.074510
0.031373
0.094118
-0.333333
-0.239216
0.494118
-0.541176
-0.098039
0.172549
-0.164706
-0.070588
-0.250980
-0.129412
-0.164706
0.341176
0.250980
0.031373
0.000000
-0.254902
0.180392
0.203922
-0.007843
0.007843
-0.003922
0.007843
0.000000
0.082353
0.000000
0.000000
0.000000
0.000000
0.000000
0.000000
0.000000
0.000000
0.000000
0.000000
0.000000
0.000000
-0.035294
0.015686
-0.007843
-0.011765
0.015686
-0.015686
-0.149020
-0.058824
-0.000000
-0.380392
-0.545098
-0.388235
0.137255
0.094118
-0.298039
0.494118
-0.729412
0.278431
0.341176
0.070588
-0.301961
-0.164706
0.309804
-0.454902
0.098039
-0.384314
0.372549
-0.035294
0.196078
-0.392157
-0.301961
0.105882
0.015686
0.007843
-0.003922
-0.015686
-0.003922
0.047059
0.000000
0.000000
0.000000
0.000000
0.000000
0.000000
0.000000
0.000000
0.000000
0.000000
0.000000
0.000000
-0.050980
-0.003922
-0.015686
-0.031373
-0.003922
-0.090196
-0.207843
0.078431
-0.325490
-0.141176
0.584314
0.556863
-0.058824
-1.098039
0.650980
-0.513726
-0.168627
0.094118
-0.619608
-0.384314
-0.254902
0.078431
-0.301961
-0.125490
0.109804
-0.215686
0.121569
0.266667
-0.113725
0.309804
0.105882
-0.003922
-0.062745
0.062745
0.000000
-0.007843
0.000000
0.039216
0.000000
0.000000
0.000000
0.000000
0.000000
0.000000
0.000000
0.000000
0.000000
0.000000
0.000000
0.000000
-0.066667
0.011765
0.003922
-0.003922
-0.003922
-0.078431
0.023529
-0.011765
-0.250980
-0.109804
0.254902
-0.145098
0.062745
0.941176
-0.192157
-0.109804
0.243137
-0.368627
-0.176471
-0.129412
0.007843
-0.094118
-0.066667
-0.027451
-0.203922
0.184314
0.247059
0.152941
0.070588
-0.176471
0.070588
0.094118
0.141176
0.019608
0.000000
-0.007843
-0.011765
0.039216
0.000000
0.000000
0.000000
0.000000
0.000000
0.000000
0.000000
0.000000
0.000000
0.000000
0.000000
0.000000
-0.015686
0.054902
0.031373
0.027451
0.027451
-0.266667
-0.000000
-0.247059
0.003922
0.329412
-0.145098
-0.447059
-0.356863
-0.141176
-0.290196
0.235294
-0.188235
-0.274510
-0.152941
-0.098039
-0.109804
-0.031373
0.003922
0.070588
0.098039
0.258824
-0.305882
-0.474510
-0.035294
0.000000
-0.039216
0.054902
-0.023529
0.003922
0.023529
-0.019608
0.007843
0.039216
0.000000
0.000000
0.000000
0.000000
0.000000
0.000000
0.000000
0.000000
0.000000
0.000000
0.000000
0.000000
-0.023529
0.027451
0.003922
-0.015686
-0.070588
-0.568627
0.047059
0.294118
0.349020
-0.145098
-0.290196
0.556863
-0.145098
-0.180392
0.074510
-0.352941
-0.294118
-0.105882
-0.117647
-0.039216
0.047059
0.058824
0.105882
0.062745
0.164706
-0.003922
0.211765
0.062745
-0.019608
-0.066667
0.098039
-0.058824
0.400000
0.086275
0.000000
-0.011765
-0.011765
0.047059
0.000000
0.000000
0.000000
0.000000
0.000000
0.000000
0.000000
0.000000
0.000000
0.000000
0.000000
0.000000
-0.015686
-0.007843
-0.019608
-0.031373
-0.215686
-0.105882
-0.227451
0.556863
-0.050980
-0.486275
-0.376471
-0.082353
0.321569
-0.278431
-0.043137
-0.278431
-0.090196
-0.129412
-0.082353
-0.039216
0.058824
0.023529
0.019608
0.082353
0.062745
0.109804
-0.258824
0.054902
-0.168627
0.105882
0.270588
-0.431373
0.298039
-0.113725
0.050980
-0.031373
0.019608
0.050980
0.000000
0.000000
0.000000
0.000000
0.000000
0.000000
0.000000
0.000000
0.000000
0.000000
0.000000
0.000000
-0.035294
-0.015686
-0.070588
-0.172549
-0.184314
-0.305882
0.694118
-0.035294
-0.282353
-0.223529
0.290196
0.274510
-0.423529
0.090196
-0.101961
0.168627
-0.247059
0.188235
0.031373
0.054902
0.070588
-0.023529
0.000000
0.035294
0.117647
0.039216
0.262745
0.149020
-0.086275
0.200000
0.023529
-0.219608
0.317647
0.137255
-0.007843
0.098039
0.007843
0.031373
0.000000
0.000000
0.000000
0.000000
0.000000
0.000000
0.000000
0.000000
0.000000
0.000000
0.000000
0.000000
-0.043137
-0.019608
0.031373
-0.113725
0.007843
-0.047059
0.035294
-0.321569
-0.337255
-0.082353
0.411765
-0.105882
-0.423529
0.235294
-0.435294
0.062745
0.082353
0.043137
0.235294
-0.145098
0.015686
0.062745
0.458824
0.509804
-0.047059
-0.078431
0.215686
0.003922
-0.262745
0.301961
-0.200000
0.023529
0.058824
-0.074510
0.015686
-0.043137
0.003922
0.031373
0.000000
0.000000
0.000000
0.000000
0.000000
0.000000
0.000000
0.000000
0.000000
0.000000
0.000000
0.000000
-0.062745
-0.015686
-0.078431
0.047059
-0.031373
-0.109804
-0.074510
-0.015686
-0.023529
0.192157
-0.254902
0.290196
-0.600000
-0.156863
-0.113725
0.396078
-0.215686
0.784314
-0.568627
-0.231373
-0.043137
0.290196
-0.301961
-0.341176
0.533333
0.082353
0.239216
0.145098
-0.129412
-0.207843
0.227451
0.039216
-0.050980
0.105882
0.094118
0.003922
0.000000
0.031373
0.000000
0.000000
0.000000
0.000000
0.000000
0.000000
0.000000
0.000000
0.000000
0.000000
0.000000
0.000000
-0.066667
-0.015686
-0.050980
-0.027451
-0.192157
0.176471
-0.384314
0.062745
-0.305882
-0.019608
-0.043137
0.384314
-0.035294
-0.513726
-0.086275
-0.180392
-0.372549
-0.325490
-0.227451
-0.062745
0.007843
0.054902
0.078431
0.537255
-0.274510
-0.674510
0.325490
0.086275
-0.400000
0.156863
0.027451
0.215686
0.031373
0.050980
0.058824
0.031373
0.000000
0.031373
0.000000
0.000000
0.000000
0.000000
0.000000
0.000000
0.000000
0.000000
0.000000
0.000000
0.000000
0.000000
-0.086275
-0.031373
0.023529
-0.070588
0.015686
-0.227451
-0.329412
0.047059
0.011765
0.113726
0.313726
-0.039216
0.035294
-0.156863
-0.054902
0.019608
-0.074510
-0.035294
0.176471
-0.003922
0.054902
0.007843
-0.176471
0.003922
-0.215686
0.125490
0.419608
-0.337255
-0.172549
0.125490
-0.447059
-0.176471
0.231373
0.258824
0.137255
0.007843
0.000000
0.027451
0.000000
0.000000
0.000000
0.000000
0.000000
0.000000
0.000000
0.000000
0.000000
0.000000
0.000000
0.000000
-0.101961
-0.015686
-0.011765
0.023529
-0.031373
-0.172549
-0.003922
-0.376471
0.368627
-0.137255
0.372549
0.090196
0.137255
-0.352941
-0.078431
-0.043137
-0.125490
0.027451
0.180392
0.145098
-0.058824
0.062745
-0.152941
-0.011765
0.101961
0.231373
0.474510
-0.054902
-0.039216
0.149020
-0.023529
-0.243137
0.145098
-0.031373
0.164706
0.015686
0.003922
0.031373
0.000000
0.000000
0.000000
0.000000
0.000000
0.000000
0.000000
0.000000
0.000000
0.000000
0.000000
0.000000
-0.082353
-0.011765
-0.007843
-0.050980
0.121569
-0.003922
-0.188235
0.172549
0.101961
0.011765
0.047059
-0.325490
0.266667
-0.137255
-0.133333
-0.015686
0.152941
0.035294
0.039216
-0.156863
-0.109804
0.137255
-0.074510
-0.007843
0.184314
0.254902
0.454902
0.074510
-0.290196
0.133333
0.023529
0.274510
0.117647
0.015686
0.015686
0.003922
-0.019608
0.031373
0.000000
0.000000
0.000000
0.000000
0.000000
0.000000
0.000000
0.000000
0.000000
0.000000
0.000000
0.000000
-0.090196
-0.003922
-0.027451
0.047059
-0.239216
-0.678431
0.345098
-0.078431
-0.070588
-0.007843
-0.047059
0.200000
-0.552941
-0.152941
-0.015686
-0.043137
-0.117647
0.019608
-0.121569
0.098039
0.282353
0.003922
-0.023529
0.094118
0.172549
0.356863
-0.050980
0.227451
-0.368627
0.160784
0.039216
-0.188235
0.156863
0.231373
-0.003922
0.003922
0.027451
0.015686
0.000000
0.000000
0.000000
0.000000
0.000000
0.000000
0.000000
0.000000
0.000000
0.000000
0.000000
0.000000
-0.098039
0.000000
-0.011765
0.062745
0.152941
0.113725
-0.537255
0.086275
-0.392157
-0.254902
0.168627
-0.403922
0.317647
-0.321569
-0.066667
0.000000
0.133333
-0.352941
0.141176
0.039216
-0.015686
0.188235
0.101961
-0.066667
0.086275
0.239216
-0.286275
-0.145098
-0.168627
0.176471
-0.090196
0.188235
-0.270588
0.007843
-0.007843
0.050980
-0.015686
0.043137
0.000000
0.000000
0.000000
0.000000
0.000000
0.000000
0.000000
0.000000
0.000000
0.000000
0.000000
0.000000
-0.098039
0.003922
-0.015686
-0.015686
-0.066667
-0.788235
0.513726
-0.121569
-0.658824
-0.090196
0.270588
-0.356863
0.654902
0.184314
-0.082353
-0.047059
0.047059
0.278431
-0.227451
-0.039216
-0.266667
0.011765
-0.411765
0.015686
0.364706
0.647059
-0.019608
-0.172549
0.027451
0.145098
-0.050980
-0.058824
0.168627
0.172549
-0.074510
0.121569
0.011765
0.043137
0.000000
0.000000
0.000000
0.000000
0.000000
0.000000
0.000000
0.000000
0.000000
0.000000
0.000000
0.000000
-0.105882
-0.023529
0.015686
-0.101961
-0.796078
0.843137
-0.329412
0.121569
-0.019608
0.121569
-0.172549
0.403922
0.282353
-0.105882
0.066667
-0.011765
0.031373
0.031373
-0.223529
0.509804
0.298039
0.207843
-0.137255
0.203922
0.776471
-0.192157
-0.274510
-0.137255
0.000000
0.066667
-0.278431
-0.235294
-0.129412
0.415686
0.098039
-0.000000
-0.011765
0.035294
0.000000
0.000000
0.000000
0.000000
0.000000
0.000000
0.000000
0.000000
0.000000
0.000000
0.000000
0.000000
-0.101961
0.000000
0.066667
-0.000000
0.176471
-0.317647
0.125490
0.027451
0.329412
0.011765
0.298039
0.262745
-0.243137
-0.282353
-0.121569
-0.098039
-0.101961
-0.062745
-0.121569
-0.047059
-0.141176
-0.133333
0.168627
0.721569
-0.207843
0.247059
-0.266667
-0.023529
0.113725
-0.360784
0.156863
-0.368627
-0.101961
0.843137
-0.078431
0.023529
-0.007843
0.031373
0.000000
0.000000
0.000000
0.000000
0.000000
0.000000
0.000000
0.000000
0.000000
0.000000
0.000000
0.000000
-0.094118
-0.015686
0.098039
-0.086275
0.011765
0.086275
-0.105882
0.070588
-0.031373
-0.054902
-0.172549
-0.152941
0.560784
-0.188235
-0.145098
0.000000
-0.094118
-0.105882
-0.109804
-0.082353
-0.003922
0.000000
0.560784
-0.596078
0.294118
-0.219608
0.058824
-0.305882
0.278431
0.090196
0.301961
0.286275
-0.050980
-0.188235
0.031373
0.007843
-0.003922
0.039216
0.000000
0.000000
0.000000
0.000000
0.000000
0.000000
0.000000
0.000000
0.000000
0.000000
0.000000
0.000000
-0.341176
-0.019608
0.035294
0.027451
-0.160784
-0.349020
0.113725
-0.180392
0.239216
-0.305882
-0.137255
0.015686
0.333333
-0.278431
-0.152941
-0.023529
-0.172549
0.074510
0.117647
0.160784
0.074510
1.164706
-0.933333
0.188235
0.231373
-0.454902
-0.301961
0.223529
0.180392
0.572549
-0.274510
0.294118
0.388235
0.003922
0.031373
0.043137
-0.007843
0.039216
0.000000
0.000000
0.000000
0.000000
0.000000
0.000000
0.000000
0.000000
0.000000
0.000000
0.000000
0.000000
-0.247059
-0.019608
0.270588
-0.090196
-0.101961
-0.141176
0.023529
0.094118
0.294118
-0.482353
0.454902
-0.184314
0.109804
-0.023529
-0.172549
-0.082353
-0.019608
0.129412
-0.235294
0.372549
0.227451
-1.219608
0.125490
0.188235
0.082353
-0.078431
0.129412
-0.031373
-0.231373
0.231373
-0.541176
-0.011765
0.411765
-0.211765
0.023529
0.129412
-0.027451
0.039216
0.000000
0.000000
0.000000
0.000000
0.000000
0.000000
0.000000
0.000000
0.000000
0.000000
0.000000
0.000000
-0.188235
0.129412
-0.078431
0.082353
-0.137255
-0.250980
0.184314
0.043137
-0.552941
0.376471
-0.243137
0.125490
0.243137
-0.101961
-0.101961
-0.121569
-0.047059
-0.015686
-0.054902
-0.470588
-0.101961
0.007843
0.094118
0.113726
-0.149020
-0.043137
-0.305882
0.250980
0.250980
0.019608
-0.486275
0.254902
0.317647
-0.611765
0.870588
-0.309804
-0.184314
0.039216
0.000000
0.000000
0.000000
0.000000
0.000000
0.000000
0.000000
0.000000
0.000000
0.000000
0.000000
0.000000
-0.207843
0.200000
0.043137
-0.066667
-0.070588
-0.607843
0.266667
0.156863
-0.321569
0.137255
-0.447059
0.533333
0.141176
-0.058824
-0.239216
-0.133333
-0.039216
-0.043137
-0.043137
-0.027451
0.019608
0.050980
0.031373
-0.039216
0.050980
0.862745
-0.133333
0.486275
-0.031373
-0.662745
1.082353
-0.211765
-0.298039
0.607843
0.062745
0.298039
-0.050980
0.176471
0.000000
0.000000
0.000000
0.000000
0.000000
0.000000
0.000000
0.000000
0.000000
0.000000
0.000000
0.000000
-0.184314
0.164706
-0.207843
0.082353
0.058824
0.090196
-0.098039
-0.047059
0.188235
-0.031373
0.690196
-0.035294
0.011765
-0.219608
-0.329412
-0.101961
-0.058824
-0.023529
-0.043137
-0.035294
0.031373
0.015686
-0.105882
0.396078
0.827451
-0.129412
-0.062745
0.043137
-0.278431
0.396078
-0.066667
-0.003922
0.027451
0.086275
-0.000000
-0.015686
0.000000
0.098039
0.000000
0.000000
0.000000
0.000000
0.000000
0.000000
0.000000
0.000000
0.000000
0.000000
0.000000
0.000000
-0.156863
0.156863
0.125490
-0.105882
-0.803922
0.196078
0.192157
-0.325490
0.419608
-0.011765
-0.349020
-0.109804
-0.215686
-0.470588
-0.129412
-0.039216
-0.160784
-0.039216
-0.007843
0.007843
-0.027451
-0.121569
1.290196
0.262745
0.039216
-0.031373
0.239216
-0.321569
-0.058824
0.356863
0.066667
0.043137
0.117647
-0.050980
-0.003922
-0.023529
-0.109804
0.180392
0.000000
0.000000
0.000000
0.000000
0.000000
0.000000
0.000000
0.000000
0.000000
0.000000
0.000000
0.000000
-0.160784
0.082353
-0.050980
-0.168627
0.305882
-0.447059
0.262745
-0.054902
-0.098039
-0.294118
-0.078431
-0.031373
0.619608
0.003922
-0.070588
-0.035294
-0.117647
-0.007843
0.015686
-0.141176
0.752941
0.992157
-0.035294
0.035294
0.043137
-0.007843
-0.003922
-0.482353
0.258824
0.070588
-0.109804
-0.054902
-0.058824
-0.007843
-0.054902
-0.043137
0.066667
0.137255
0.000000
0.000000
0.000000
0.000000
0.000000
0.000000
0.000000
0.000000
0.000000
0.000000
0.000000
0.000000
-0.160784
0.109804
0.039216
-0.121569
-0.098039
0.298039
0.200000
-0.168627
-0.207843
0.137255
0.447059
0.094118
0.019608
0.098039
-0.039216
0.458824
0.505882
0.525490
0.984314
0.701961
-0.035294
0.011765
0.054902
-0.074510
-0.090196
-0.054902
0.007843
-0.019608
0.090196
0.062745
-0.011765
0.023529
0.000000
0.035294
0.082353
0.078431
-0.027451
0.219608
0.000000
0.000000
0.000000
0.000000
0.000000
0.000000
0.000000
0.000000
0.000000
0.000000
0.000000
0.000000
-0.121569
0.145098
-0.043137
-0.047059
-0.333333
-0.141176
-0.058824
-0.352941
0.329412
-0.113725
0.231373
-0.168627
0.054902
0.039216
-0.019608
-0.035294
-0.015686
-0.082353
0.031373
0.031373
0.015686
-0.078431
0.015686
-0.015686
0.050980
0.031373
-0.066667
0.050980
-0.019608
0.149020
0.137255
0.211765
0.003922
0.027451
-0.160784
0.027451
-0.007843
0.113725
0.000000
0.000000
0.000000
0.000000
0.000000
0.000000
0.000000
0.000000
0.000000
0.000000
0.000000
0.000000
-0.031373
0.027451
-0.082353
-0.027451
-0.047059
0.380392
-0.023529
-0.058824
-0.294118
0.203922
-0.592157
0.317647
-0.027451
-0.031373
-0.015686
0.000000
-0.015686
0.007843
-0.011765
-0.070588
0.015686
0.023529
0.003922
0.031373
0.007843
-0.011765
0.011765
0.094118
-0.078431
-0.007843
0.035294
-0.023529
-0.062745
-0.031373
0.137255
0.031373
0.011765
0.164706
0.000000
0.000000
0.000000
0.000000
0.000000
0.000000
0.000000
0.000000
0.000000
0.000000
0.000000
0.000000
-0.117647
0.074510
-0.090196
-0.180392
0.098039
0.270588
-0.419608
0.396078
0.521569
-0.184314
0.109804
0.533333
-0.050980
0.007843
-0.047059
-0.011765
0.019608
0.031373
0.000000
-0.011765
-0.007843
0.007843
0.023529
-0.039216
0.000000
0.003922
-0.035294
-0.050980
0.035294
-0.070588
-0.015686
-0.062745
0.000000
0.031373
-0.074510
0.011765
0.027451
0.125490
0.000000
0.000000
0.000000
0.000000
0.000000
0.000000
0.000000
0.000000
0.000000
0.000000
0.000000
0.000000
-0.062745
0.086275
-0.090196
-0.019608
-0.105882
-0.090196
0.023529
-0.000000
-0.027451
-0.376471
-0.290196
0.211765
-0.113725
0.015686
-0.027451
0.007843
0.000000
0.027451
-0.003922
0.000000
0.027451
0.015686
0.000000
0.007843
-0.011765
0.003922
0.007843
-0.007843
-0.027451
0.047059
0.027451
0.011765
-0.011765
0.039216
-0.050980
0.043137
0.023529
0.125490
0.000000
0.000000
0.000000
0.000000
0.000000
0.000000
0.000000
0.000000
0.000000
0.000000
0.000000
0.000000
-0.447059
0.023529
-0.015686
-0.039216
0.215686
-0.086275
-0.121569
0.058824
-0.082353
-0.031373
0.701961
-0.074510
0.003922
0.000000
-0.196078
0.023529
0.015686
-0.027451
-0.007843
0.023529
0.000000
0.015686
-0.003922
0.000000
-0.031373
-0.047059
0.047059
0.043137
-0.078431
-0.019608
0.007843
-0.011765
0.015686
0.066667
-0.050980
0.027451
0.023529
0.117647
0.000000
0.000000
0.000000
0.000000
0.000000
0.000000
0.000000
0.000000
0.000000
0.000000
0.000000
0.000000
-0.227451
0.176471
-0.125490
0.019608
0.007843
0.086274
-0.298039
0.282353
0.058824
-0.105882
0.156863
-0.039216
-0.517647
0.113725
0.152941
-0.415686
-0.600000
-0.250980
-0.090196
0.003922
0.023529
-0.019608
0.043137
-0.015686
-0.015686
-0.003922
-0.019608
-0.066667
-0.015686
0.003922
-0.035294
-0.003922
0.027451
0.047059
0.027451
0.007843
-0.003922
0.145098
0.000000
0.000000
0.000000
0.000000
0.000000
0.000000
0.000000
0.000000
0.000000
0.000000
0.000000
0.000000
0.109804
0.094118
-0.082353
-0.015686
0.007843
0.000000
-0.082353
0.243137
0.000000
0.101961
-0.403922
-0.623529
0.643137
-0.121569
-0.050980
-0.243137
0.882353
0.372549
-0.305882
-0.482353
-0.188235
0.043137
-0.062745
0.019608
0.027451
-0.039216
-0.011765
0.019608
-0.019608
0.019608
-0.003922
0.011765
0.039216
0.086275
-0.062745
-0.023529
0.098039
0.113725
0.000000
0.000000
0.000000
0.000000
0.000000
0.000000
0.000000
0.000000
0.000000
0.000000
0.000000
0.000000
-0.184314
0.078431
-0.047059
-0.011765
-0.219608
0.184314
-0.062745
0.007843
-0.392157
-0.301961
0.211765
0.486275
0.505882
0.317647
-0.007843
0.043137
0.145098
-0.482353
1.082353
-0.156863
0.101961
-0.090196
-0.003922
-0.039216
-0.031373
-0.015686
-0.015686
-0.011765
-0.019608
0.058824
-0.003922
0.058824
0.003922
0.090196
-0.043137
0.003922
0.058824
0.133333
0.000000
0.000000
0.000000
0.000000
0.000000
0.000000
0.000000
0.000000
0.000000
0.000000
0.000000
0.000000
-0.196078
0.054902
0.000000
-0.011765
-0.035294
-0.074510
-0.090196
0.039216
-0.054902
-0.352941
-0.078431
0.235294
-0.094118
-0.086275
-0.129412
0.262745
-0.039216
-0.047059
-0.831373
0.188235
0.443137
-0.219608
0.058824
0.141176
-0.003922
0.113725
0.039216
0.066667
0.043137
0.043137
0.039216
0.047059
0.043137
0.109804
-0.058824
-0.003922
-0.054902
0.094118
0.000000
0.000000
0.000000
0.000000
0.000000
0.000000
0.000000
0.000000
0.000000
0.000000
0.000000
0.000000
-0.176471
0.062745
0.019608
0.007843
0.015686
0.015686
0.235294
-0.027451
-0.019608
-0.435294
0.298039
0.290196
-0.019608
0.000000
0.007843
-0.172549
-0.066667
-0.380392
0.333333
-0.152941
-0.317647
0.556863
-0.282353
0.152941
-0.050980
-0.058824
-0.015686
0.078431
0.113725
0.031373
0.054902
0.007843
0.003922
0.058824
-0.054902
-0.019608
0.023529
0.141176
0.000000
0.000000
0.000000
0.000000
0.000000
0.000000
0.000000
0.000000
0.000000
0.000000
0.000000
0.000000
-0.176471
0.066667
-0.023529
0.003922
0.039216
-0.074510
-0.109804
-0.207843
-0.070588
-0.878431
0.850980
-0.133333
0.039216
-0.368627
-0.031373
-0.082353
0.054902
0.309804
0.054902
-0.972549
-0.082353
0.098039
-0.654902
0.243137
-0.015686
-0.027451
-0.054902
-0.109804
-0.121569
-0.074510
0.031373
0.109804
0.011765
0.031373
-0.039216
-0.031373
0.027451
0.078431
0.000000
0.000000
0.000000
0.000000
0.000000
0.000000
0.000000
0.000000
0.000000
0.000000
0.000000
0.000000
-0.325490
0.129412
-0.003922
0.011765
0.035294
0.019608
-0.054902
-0.043137
-0.239216
0.215686
0.176471
-0.462745
0.192157
0.349020
-0.803922
-0.752941
-0.050980
0.007843
-0.180392
0.341176
0.235294
-0.364706
0.486275
0.396078
0.039216
0.003922
-0.047059
0.047059
0.043137
0.047059
-0.035294
0.011765
-0.043137
-0.188235
0.258824
-0.003922
0.011765
0.109804
0.000000
0.000000
0.000000
0.000000
0.000000
0.000000
0.000000
0.000000
0.000000
0.000000
0.000000
0.000000
-0.243137
0.207843
-0.023529
0.003922
0.011765
0.011765
-0.247059
-0.364706
-0.207843
0.301961
-0.027451
0.286275
-0.749020
-0.125490
0.380392
-0.215686
-0.352941
0.313726
0.058824
-0.070588
0.294118
-0.219608
-0.247059
-0.784314
0.298039
0.027451
0.027451
-0.007843
-0.011765
0.011765
0.090196
0.007843
0.062745
-0.203922
-0.047059
0.019608
-0.003922
0.152941
0.000000
0.000000
0.000000
0.000000
0.000000
0.000000
0.000000
0.000000
0.000000
0.000000
0.000000
0.000000
0.062745
0.223529
0.109804
0.105882
0.113725
0.109804
-0.325490
0.380392
0.913726
0.796078
0.156863
0.066667
0.431373
0.282353
0.215686
0.568627
0.752941
1.070588
0.211765
0.164706
-0.243137
0.639216
0.654902
0.949020
0.431373
0.349020
0.176471
0.180392
0.180392
0.160784
0.145098
0.160784
0.098039
0.113725
0.341176
0.043137
0.098039
0.235294
0.000000
0.000000
0.000000
0.000000
0.000000
0.000000
